Page	RTT(ms)	PLT: no TFO (s)	PLT: TFO (s)	Improv.
httpen.wikipedia.orgwikiTransmission_Control_Protocol
	200 	6983.979 	5466.56 	21.7271415049
	100 	3748.431 	3935.468 	4.98974104098
	20 	2441.437 	3357.394 	37.5171261843
httpwww.amazon.com
	200 	5022.732 	4066.505 	19.0379857018
	100 	3125.295 	1918.321 	38.6195223171
	20 	2032.45 	1314.618 	35.3185564221

Page	RTT(ms)	PLT: no TFO (s)	PLT: TFO (s)	Improv.
httpen.cppreference.comwcppcontainervector
	200 	6084.464 	4645.009 	23.6578768483
	100 	3667.08 	2940.76 	19.8064945406
	20 	2151.86 	1990.735 	7.48770830816
httpmtsu.eduprogramsengineering
	200 	720.086 	300.127 	58.3206728085
	100 	421.337 	199.504 	52.6497791554
	20 	187.724 	120.825 	35.6368924591
httpwww.cplusplus.comreferencemapmap
	200 	723.189 	305.184 	57.80024309
	100 	410.935 	211.798 	48.4594887269
	20 	171.727 	121.656 	29.1573252896
httpapexturbine.combloggetting-know-us
	200 	718.415 	304.39 	57.6303390102
	100 	426.728 	205.03 	51.9530005062
	20 	197.727 	132.401 	33.0384823519

